SN2026acd 0.00758 183.0531491 13.221751
filter Is 
61068.141836979165 13.948745171567563 0.1365490182477228
61070.12319165509 13.925306841145687 0.1661396779169793
61071.16511747685 14.086517750015654 0.14787384865098413
61072.15245594907 14.149883331789685 0.16064479545784485
61079.1370578125 14.511442936490923 0.19851580198964464
61081.0577941088 14.535610597879337 0.18643415113301423
61082.05574553241 14.63974274941294 0.17344772606217324
filter Rs 
61068.13427209491 13.656888647043807 0.16073375762047493
61070.115635069444 13.612412203133363 0.15977829028268278
61071.157573703706 13.695043844039441 0.16034907264786383
61072.143407048614 13.572307875920053 0.16843294937713807
61079.13252457176 14.076692465720102 0.18194295770217495
61081.05022680556 14.244152259679264 0.17777225359710636
61082.04819212963 14.229131550307496 0.13106064482645335
filter Vs 
61068.123688657404 13.606685469707136 0.19434556603174458
61079.11590255787 13.96575632732931 0.190049290912773
