SN2026gm 0.0185 66.1558857143 33.8621121429
filter Is 
61072.872681678244 17.61615845501946 1.0025273298657433
61073.859812118055 17.09670066424569 0.46928804652145534
61077.8618880787 17.43867429823802 0.9550315473975959
61078.86390480324 17.086822313655556 0.32355794457168363
61080.88061193287 16.447808634937775 0.18790713063652895
61081.88562493055 16.681237871801585 0.23723297137183175
filter Rs 
61073.85230842593 16.914921847012746 0.22276620346033377
61078.85481424769 16.9418935572171 0.2002287114891027
61080.87229803241 17.0205196711197 0.13011322603430034
61081.878037002316 16.97347746198235 0.12403987643671907
61084.91315139468 16.96233715488115 0.27522308686146807
filter Vs 
61060.84582033565 16.60909877784863 0.0886810225559133
61069.83381452546 16.696690076283247 0.6205818592489385
61070.844147916665 17.28297250008319 0.6555964904885906
61071.84360519676 17.014608455125273 0.4091440098021759
61072.84678064815 16.948533129903083 0.3165853291656407
61073.83715033565 17.13173632454726 0.21021134684757659
61077.83774900463 17.3436264665059 0.17868951004361106
61078.83836570602 16.759524032070164 0.6663007935419568
61080.8571159375 17.600356037081706 0.200789152238563
61081.862864930554 17.634252675673164 0.18387861071056194
61084.8937949919 17.61648421429879 0.2953031026171662
61084.84912600694 18.072925893031982 0.3707644794633246
filter Bs 
61060.85341109954 17.11447024366352 0.12406856240089305
61069.84140415509 16.72984142974478 0.5893897084268926
61070.851727256944 17.614732316245064 0.9647343747321955
61072.85436615741 18.058111894693802 1.067425369721402
61073.84473556713 17.509682382848485 0.3830066062018633
61077.84534332176 18.41440480278012 0.5832256714895677
61080.86471015046 18.953117102756362 0.49395175761887106
61081.87045753472 18.73293751681637 0.5185374496985995
