SN2026kc 0.0228 155.60448352 4.00043379084
filter Is 
61068.05835608796 15.492524674516437 0.1967320539762946
61070.05518425926 15.541282857996693 0.22688622658319124
61071.10818679398 15.204021963178285 0.22812071702514514
61078.19073900463 15.401353989294215 0.4085958132303624
61079.07869603009 15.6917407066171 0.21509168914219684
61081.00094532407 15.535692527153648 0.14800418673382676
filter Rs 
61068.05079016204 15.503958368753942 0.15851297190840405
61070.04761094908 15.531481124853642 0.16595786698949652
61071.100619398145 15.287933814208454 0.15456952040791722
61079.07112532407 15.871538831507742 0.17915000926436342
61080.99337478009 15.787963542119469 0.13196537451535054
filter Vs 
61062.09484399306 15.90300954941451 0.06822081851622919
61068.035653935185 15.650191100816931 0.2846270786664273
61070.03248307871 15.599994931750302 0.27702271755887764
61071.08549291667 16.13599960707321 0.3026384192007485
61072.06840599537 16.218334334252305 0.332274641345567
61079.05432553241 16.096457953349628 0.20717509132500933
61080.978248611114 16.14595634553102 0.17160761266375535
filter Bs 
61062.102428287035 16.016076496193875 0.085101292477979
61070.043078090275 15.65785895564999 0.5575544030300528
61079.06357021991 16.63618702746791 0.1546837692590561
