SN2025aebt 0.017649 107.3281207 20.6387489
filter Is 
60998.07157325232 15.284756092506692 0.07488970601809315
61005.109784189815 15.224068871517265 0.09226176134890914
61007.05103165509 15.146301515303763 0.07229367478497895
61008.034863622684 15.218224842885975 0.0772731407655661
61009.031961747685 14.975766308116883 0.09316916056873013
61013.02105178241 14.903159033682007 0.18384020180038624
61018.01209875 15.417292277311827 0.2979809774163464
61020.00543143519 15.176494876703131 0.09240981546950483
filter Rs 
60998.06399916667 15.886295633837374 0.4422073048217302
61005.10220405093 15.775967524979226 0.05628153024253202
61007.04345388889 15.745438453420487 0.052319941836346376
61008.02728636574 15.673155291798551 0.05694582642303428
61009.02438238426 15.750575392937286 0.06306975746203365
61013.01348032407 16.06716097818071 0.2473351692500873
61018.004523020834 15.556675890709379 0.16110253092475588
61019.99784949074 15.738161868483239 0.056635201093663975
filter Vs 
60998.04883576389 16.23117031013691 0.07363398485681065
61005.08704803241 16.206393799309467 0.07601272703669247
61007.028293483796 16.27084606540799 0.07546824302978876
61008.01212736111 16.226126725599357 0.09436844661790961
61009.0092181713 16.35219226269598 0.11222272296714794
61012.99831758102 16.52405388948842 0.3616248546917814
61017.9893693287 16.29089759583325 0.1565067106525974
61019.98268165509 16.30706156320644 0.07755337137654877
filter Bs 
60998.05642085648 16.71562274346413 0.10330480036920428
61005.09462962963 16.85826265990854 0.1124435553800309
61007.035885300924 16.837510227517733 0.11901928258413243
61008.01971025463 16.768110439670227 0.14426400882228188
61009.016807037035 16.920921193682812 0.1968182525211319
61013.00589888889 17.24205591536797 0.701644464225948
61017.99694898148 16.98151718392065 0.2812175619528695
61019.99027336806 17.010851786110422 0.11721537965297259
