SN2025ahqr 0.002328 167.858238192 55.6749353975
filter Is 
61035.12022952546 16.113797475864658 0.19301523148014993
61038.15481 16.421928958073757 0.26776089161813055
61052.05648 16.29225447543766 0.2310957472262947
61071.21078194444 17.391698471302007 1.2780334694684126
filter Rs 
61035.11265643519 16.49922069191863 0.12102975932549145
61038.14723635417 16.66849052504329 0.23403514806598438
61052.04890828703 16.150498794662745 0.09747495314192699
61071.20321377315 16.701212907527932 0.340292773769184
filter Vs 
61035.09752060185 16.954049161766378 0.14473285905479688
61038.13210083333 17.40851992137586 0.33363254848929796
61050.03891599537 16.64390668985787 0.12663346303715636
61052.03377091435 16.625458142620626 0.12389787236716523
61072.279695717596 17.771266733438832 0.9318331109656917
filter Bs 
61035.105101469904 16.584743193206542 0.19841371931048268
61038.13968262731 15.639959843637994 0.22448941829489297
61050.046496793984 17.287107933061154 0.24947512487237236
