SN2026atb 0.017941 218.613723685 21.9496798525
filter Is 
61071.24494680556 15.66490564972456 0.19557621069355552
61072.235759456016 15.718417913448102 0.30698406022918334
61078.22475313657 15.587045888896201 0.16392352996963838
61081.143277222225 15.963335562482508 0.41872165019057384
filter Rs 
61071.23889826389 15.599894480484226 0.13851207091914328
61072.22820092593 15.60610668378059 0.1639561523202116
61078.21720114583 15.363917482430052 0.1031609678887115
61081.135711689814 15.517018156161596 0.19848885401651087
filter Vs 
61078.20208773148 15.498027549787833 0.17437240232077095
61081.120573541666 15.67480911980679 0.1398818632917457
filter Bs 
