SN2025acsn 0.015791 346.8283843 42.1988628
filter Is 
61007.835989039355 15.388957272105028 0.09741740094220881
61008.834639594905 15.450739949310446 0.1291883975662107
61012.85347947916 15.505419222113991 0.12178928509565398
61013.85340626157 15.523915586965149 0.183222724557803
61014.83450469907 15.42483501226805 0.3566415150656112
61016.83461048611 15.521289156575106 0.07796736153714294
61017.83488679398 15.51587880415663 0.08199422825463139
61018.83490046296 17.02700823156291 0.6979228409822048
61019.835858796294 15.535193069281982 0.10448474941905295
61029.85688 15.493748544347286 0.09012775404361678
61034.83965439815 15.62114967365413 0.09979049234253884
61035.84606435185 15.63413558323122 0.131815656383461
61038.83995 15.56322112750593 0.15753341356376094
61051.89671134259 15.755816889036735 0.13074429606334612
61065.867229166666 16.184111784884003 0.22713188500928083
filter Rs 
61006.85234009375 15.32823323589082 0.06122928788544042
61006.85315 15.460967146854973 0.05163852353939819
61007.82856699074 15.508296508802017 0.05963899312276164
61008.82572724537 15.514473401937629 0.07022651964017287
61012.84589878472 15.659285633153825 0.07956249913553717
61013.845830659724 15.766820159291168 0.10160216973429817
61014.82691538194 15.685165176592193 0.18529220926644052
61016.827012581016 15.771826199044286 0.05157723360761205
61017.76594683565 15.72579000070542 0.06474892328101872
61017.82730752315 15.778134330501159 0.051916538999859395
61018.82731664352 15.80189045639434 0.05881620505456163
61019.82827399306 15.801238350763807 0.06697875723339144
61028.86776778935 15.898700557995898 0.0655574021894253
61029.84929697917 15.906114764389393 0.05815656331965747
61034.83207400463 16.033285639005328 0.07386390463291863
61035.83847177083 16.12945211858536 0.0910311208065195
61038.83236836806 16.043478189902274 0.130241255800817
61051.88914050926 16.348521477245896 0.08355475349317386
61065.85964519676 16.38244799864258 0.13004285375712044
filter Vs 
61005.810101828705 15.74494570872891 0.05141080846086233
61006.82869783449 15.686208517269176 0.04263178863826082
61006.83798329861 15.703382285309036 0.05421357679832666
61007.73942737268 15.762860490839566 0.5908424402316613
61007.811226342594 15.782525825851287 0.06685040370293395
61008.80993541667 15.936032771274961 0.09401689770381282
61011.82595150463 15.877033091646455 0.1503920175050927
61012.83073364583 16.015768135024437 0.12261298063803217
61013.83066590278 15.976761652685468 0.12897158495857133
61014.81173969907 16.127977632820176 0.18710466060236827
61016.81182449074 16.031858284624025 0.05806149606166364
61017.756519787035 16.08571505264628 0.11225821578232666
61017.81208675926 16.069895161535484 0.058492317919874165
61018.81215233796 16.09042247907149 0.07706810678203477
61019.81310403935 16.202285800811232 0.06818374184434527
61027.93151008102 16.391186763844956 0.0856231909747476
61028.85261018518 16.456104547312172 0.08332259322204588
61029.83413765046 16.49859347442912 0.07220611744082989
61031.81578207176 16.52531155538719 0.07321365708344302
61034.81690780092 16.685044354407307 0.10821905704936266
61035.82330196759 16.670613003363194 0.13361737294090117
61038.81720346065 16.40692479955662 0.17680679010293537
61049.87257150463 16.50759741666258 0.09458445632547019
61051.87397112269 16.873048094452674 0.10878533297059667
61060.73896581366 16.574759651126882 1.3784425185522882
61065.84448482639 17.009491945317652 0.20141402416705506
61072.76912659954 16.87543020157728 0.5676527862174778
filter Bs 
61005.81769240741 16.10915186798953 0.07987510976381619
61006.84624608449 16.209295270183304 0.08735529163690899
61006.84557 16.206325661756438 0.07820686443586992
61007.80674101158 16.163123653902254 0.29911919196796655
61007.81881622685 16.134641484665988 0.12441038323084024
61008.817520185185 16.53690672485856 0.2530479548561737
61012.83832123843 16.48028648547552 0.2140218442332947
61013.838254814815 16.54790085003647 0.24012600044008345
61014.81933540509 16.79799297071718 0.38340943526551624
61016.81942423611 16.845372076806388 0.08449267765439855
61017.75985669907 16.93752184466325 0.16461030351992909
61017.819680231485 16.720637041771496 0.08307031751545582
61018.81974155093 16.787130378810772 0.10998810993719883
61019.82069674769 16.849481669734345 0.09125768205739487
61027.939102731485 17.574066937598687 0.19464739017608054
61028.86019 17.419208222429326 0.1272830212638501
61029.84173020833 17.543975560195538 0.15372934412807526
61031.82337824074 17.190517731734218 0.105138647612733
61034.82449998843 17.87685098220456 0.25986733317254507
61035.830893576385 18.140259750823226 0.42476290458962657
61038.82479358796 17.518695592098027 0.4365821793232104
61051.88156148148 17.641981663909405 0.20255694377071978
61065.852071284724 18.140001388676573 0.6326549301016328
