SN2019np 0.00452 157.341583 29.510639
filter Is 
58496.05373341435 15.436723269751145 0.2268524345567026
58497.053419537035 15.04297700833647 0.2218147117218271
58498.11922893518 14.608399892399124 0.19665889222734795
58499.05007244213 14.33673435366663 0.16028384667556725
58503.0323905787 13.618574330805366 0.13126844947687197
58508.05548912037 13.484407945346424 0.039660294591325515
58510.014403402776 13.533633948961151 0.1538213799024151
58511.02289851852 13.61466619707834 0.13779515895703204
58512.011440856484 13.637910326559522 0.147153276398327
58513.01184747685 13.652972868242184 0.1327905187979988
58514.00070898148 13.636276014126295 0.1153498321877877
58518.063740150465 13.983541148933938 0.1353760674027426
58518.99272819445 13.96577894956615 0.14801766514689915
58520.14501552084 14.12115436153784 0.15708060445974428
58521.005221238425 14.194149909531324 0.15272853739929157
58523.051336122684 14.214923628304371 0.17304409753160865
58523.98239244213 14.306613584791847 0.15826798541244422
58524.971798541665 14.349216857703297 0.17483275364446896
58525.972889537035 14.324796759593234 0.1481153808448172
58526.97322193287 14.319571508163666 0.1253831309124818
58536.94484758102 14.02880288993321 0.1426240710680198
58537.96648682871 13.689668331730985 0.4346378251767095
58539.04586039352 14.002447448532445 0.1424980092448789
58540.969131631944 13.973948636874292 0.1681229277866557
58542.942984444446 14.130571444967549 0.16225072172145338
58543.98742951389 14.271510910231655 0.14758968618521903
58544.98412946759 14.242842350569786 0.18428191263177213
58546.98104615741 14.335421695291569 0.18845287754076212
58552.95436228009 14.30913980583913 0.6211236600341977
58554.05890538194 14.69042503882279 0.3326840328759527
58554.95970732639 14.800153666018964 0.2098425268916292
58557.95301570602 15.080023807622272 0.2615088982807
58562.92648466435 15.838871699252941 0.6127680459889495
58566.01928601852 15.239093315562569 0.2649385847211727
58577.89672337963 15.794791057197958 0.2497147902105369
58580.89044398148 16.069038429981056 0.18740776524550543
58581.89113170139 16.058350167322736 0.19729810732703287
58582.89128351852 16.088291749598184 0.25190924877724086
58583.886851180556 16.08305530906418 0.2633930768076489
58590.89056539352 16.65859202810755 0.5594346249830442
58593.94540981481 16.658817039950723 0.5364339346613719
58597.89397290509 16.70031219868106 0.2882813970529691
58600.9278815625 16.889521896089352 0.3687273315578073
58603.91877179398 17.217536260783728 0.45594517988365985
58605.919916238425 17.27007355962821 0.3907166530926568
58606.93087300926 17.315952354851976 0.40056018695760065
58607.89916995371 17.218056336347182 0.3922181268637595
58608.89967384259 17.315096852445492 0.44268043532997703
58610.90081148148 17.465422717717566 0.45778617842507024
58611.90145460648 17.548799673035752 0.4576868145632516
58612.901951608794 17.583064865066483 0.5509750194666672
58619.93844275463 17.128736325545894 0.5615205952555553
58638.95980230324 17.67526374689411 0.6587301589075649
58652.919681851854 18.243625126029237 1.549164705177571
58899.95576039352 18.507549488649065 1.1870289852629143
filter Rs 
58495.04877028935 15.959742923211612 0.20472466664790062
58496.04614478009 15.531415710592105 0.20512356634953033
58497.045832881944 15.132205883131725 0.19952723051596033
58498.11163568287 14.746885441806405 0.15104698619370469
58499.042479965276 14.457716174330436 0.1646486446350426
58503.024812731484 13.648916511265666 0.12589819283404174
58505.91865212963 13.462810989169999 0.03853544422600344
58508.04792482639 13.334227971067621 0.11682405513401999
58510.00682297454 13.292703809678978 0.12339474715346142
58511.01531630787 13.386746646460495 0.09262938325923448
58512.003857511576 13.344691130237301 0.1307960153523698
58513.00426543981 13.353865692841289 0.12171147513885942
58513.99312662037 13.310717725292246 0.10657401838039297
58514.98840704861 13.374818883904473 0.12316891571754654
58516.92359869213 13.54043007954056 0.031621909406828345
58518.05615716435 13.620435682926207 0.11102665665050612
58518.89815939815 13.658925103528093 0.0295224902276807
58520.137438136575 13.367521021526144 0.49683044297226553
58523.04375532408 13.931258895750465 0.12147838715494418
58523.974810011576 13.992123355155767 0.13623521754966525
58524.96421694444 14.042022072806592 0.142431087983013
58525.96531539352 14.08721199862882 0.1524562153107764
58526.96564792824 14.105117996930916 0.11102815794557501
58528.924970381944 14.097242121640194 0.09247760739013205
58529.87113219908 14.1962279924698 0.15182637173309416
58531.01662421296 14.026520256115646 0.23521184346653987
58535.95678716435 14.229646114578802 0.04032654425868829
58536.93727115741 14.148027386297105 0.18892490759774083
58537.958903611114 13.99943359579948 0.42278635733405007
58539.935580335645 14.400926944156684 0.03152740677571231
58540.96154891204 14.29900093215903 0.17245994150011737
58542.93540443287 14.490363030627652 0.14812785781517468
58543.9798431713 14.627146914338823 0.13501450325646483
58544.97655070602 14.642953947386541 0.14081171251872915
58546.973467766205 14.728730501758434 0.1834100842389783
58552.94678503472 14.895475706559981 0.2674422659571308
58554.051334814816 15.171263402799546 0.14426976722947327
58554.95212849537 15.114237376019414 0.18681793327525797
58555.98668484954 15.172034072794704 0.1617805040967288
58557.94544099537 15.246147592978705 0.24097587176749236
58562.91891533565 15.52777283442401 0.29766150767136024
58566.011703854165 15.490164818242008 0.15909992940900003
58577.889140046296 15.630226637152811 0.430466081159996
58580.88285728009 16.134426822341844 0.1453823448067329
58581.883547337966 16.100802750436355 0.16261869682237967
58582.88370041666 16.036113410468786 0.19593415886188756
58583.8789850463 15.652857530549301 0.6300610530369294
58590.88297728009 16.69044261457939 0.3577363509066698
58593.93782775463 16.33926359304465 0.26722649617863287
58597.88639287037 16.477327283570666 0.21388367963869095
58598.886907754626 16.43408706643328 0.21744709797784956
58600.920302418985 16.56328618698999 0.24427690787835213
58603.91119946759 16.69567588180506 0.2473532294517694
58604.98770618055 16.93019088282115 0.1631756104075808
58605.91232628472 16.909484959083947 0.20464957166977957
58606.92329293981 16.961214376487714 0.1966320435001523
58607.89158681713 16.88841707321609 0.1888093788948915
58608.89209296296 16.907338883407483 0.2153748581856809
58610.893227962966 17.00075478845463 0.19921606070123424
58611.893875243055 17.021133303208785 0.18046639312144327
58612.894372905095 16.952661101018485 0.2378951672101995
58619.93087872685 17.025770645162208 0.3240163815974225
58632.904897685185 17.550252152138526 0.6391651971879856
58638.95222128472 18.02341915671358 0.34795475054955277
58646.92762040509 18.689429950205025 1.187636564445104
58648.928279548614 18.692885177920836 1.2434277174847381
58652.91209824074 18.749493932663817 0.9554455215151669
58654.9124799537 18.918357807005183 0.6814235238995122
58655.91253385416 18.496320800004337 0.4709575261640482
58659.912984699076 18.73574285772905 0.5466064127573393
filter Vs 
58495.041184699076 15.956328709297127 0.2496139324516723
58497.03824667824 15.242510196259147 0.21455428868450233
58498.10405578704 14.825986301916021 0.18822534381477957
58505.91549659722 13.636429942099696 0.04104194183107217
58511.00773525463 13.450896813546187 0.14417337588161752
58511.89920648148 13.470075485351735 0.03656978908668237
58512.97045049768 13.424767669753075 0.0138214817806411
58513.985543194445 13.413900968286955 0.12650669473850804
58514.9808262963 13.461835922997171 0.14391692304328657
58516.189625011575 13.526699532390126 0.17666018832114824
58516.920242141205 13.483265934688829 0.11486011024192429
58518.04859056713 13.552604889308723 0.1361334898653935
58518.88426255787 13.62964606604051 0.03228093439812382
58520.129856631946 13.548076974937445 0.18841195550817644
58520.990061122684 13.75512358037714 0.15609565627756408
58523.03618715278 13.882943440144574 0.11998698173054971
58523.96723189815 14.081139700053729 0.1566576675432097
58524.956648368054 14.034366493957489 0.12726074878525878
58526.95807234954 14.122460073675402 0.1446530528781406
58528.920123125 14.11836813580296 0.13722063315213368
58535.950534351854 14.616266306910896 0.10635051169640072
58537.95133240741 14.661308316188645 0.14310652361910792
58539.030608877314 14.642179693747986 0.1942010595703999
58540.95397202546 14.69205150213491 0.18059588233583646
58543.97226232639 15.024255909145195 0.17386168962277368
58544.96897122685 14.940279786420618 0.18091755415573324
58552.93922298611 15.575596404685482 0.09564783121880133
58554.04375613426 15.57700968116435 0.20018214101196416
58566.00412614583 15.732890056699464 0.16273168710939687
58577.881553252315 16.019971359868883 0.16816141624569042
58580.87528087963 16.29193376125902 0.13797457793491372
58581.875966851854 16.21903396821787 0.19163722817489176
58582.876120960645 15.765311805843274 0.5035833800994742
58583.871406018516 16.150186605223162 0.22944898006802839
58593.9302483912 16.399731106218475 0.2691719276000857
58597.87881177083 16.537947824446526 0.22107786358717518
58598.879319050924 16.559033154849658 0.20817486715443784
58600.91272287037 16.541357500193193 0.2577559885627107
58603.90361836806 16.673069423725806 0.24437097494489068
58604.98012349537 16.764475294963624 0.16645809472013376
58605.904742962965 16.80478854970176 0.19473915702555455
58606.91571236111 16.70029604172403 0.33820280409030506
58607.88400439815 16.690168042716337 0.32001808051999664
58608.88451019676 16.606609169338867 0.4272399771965823
58610.885646296294 16.900033706943944 0.2166518197545684
58611.88629798611 16.970282826485878 0.22056688560296558
58612.88679684028 16.9412676401888 0.24463166563108907
58617.88986509259 17.642463140031257 0.6821788057480332
58619.92331675926 17.215967412617402 0.39634838075788376
58632.897313217596 17.27946954063372 0.44796161318692607
58638.944638368055 17.66237546927449 0.27191525119604987
58646.91091946759 18.32182822080217 0.8066002272261517
58648.911580381944 18.21128838324423 0.836579931578617
58652.9045150463 18.02572219268218 0.4828979651039721
58654.89578506944 18.04918934262564 0.3626833225664269
58655.89582925926 18.94890297901832 0.6892230273668334
58659.89623795139 17.929427711265987 0.3524293181069164
filter Bs 
58502.17984722222 13.825989226996459 0.20916101128987025
58505.90389700232 13.675493941851043 0.07828665028683252
58512.98213780093 13.556965201468742 0.01823652750123875
58513.88673115741 13.4506676078014 0.11653569677338646
58518.921272719905 18.04376000860281 0.8443609504067984
58524.83949103009 14.507261238473495 0.04217397767443227
58528.91652136574 14.984803816147387 0.10608457909318736
58535.94476908565 15.632643011266868 0.11049277791544058
58539.92116319444 15.99877060909949 0.061433806763298224
58606.906579560185 17.696116290151338 0.28554497606498336
